202010170000 30.9 55.5 1009 30
202010170600 30.7 55.9 1009 30
202010171200 30.3 56.2 1008 30
202010171800 29.7 56.3 1008 30
202010180000 28.9 56.3 1006 30 
202010180600 28.1 56.3 1004 30 
202010181200 27.3 56.4 1004 30 
202010181800 26.4 56.6 1003 30 
202010190000 25.7 56.3 1003 30 
202010190600 25.5 55.9 1003 30
202010191200 25.4 55.6 1000 35
202010191800 25.3 55.4 998 40 
202010200000 25.2 55.2 998 40 
202010200600 25.5 54.9 996 45 
202010201200 26.2 54.7 994 50 
202010201800 27.3 55.3 992 55 
202010210000 28.3 56.3 987 65
202010210600 28.7 57.7 976 75 
202010211200 28.9 58.7 968 85 
202010211800 29.3 59.6 955 100 
202010220000 29.5 60.4 952 100 
202010220600 30.2 60.9 958 90 
202010221200 30.8 61.3 965 80 
202010221800 31.5 61.5 968 75 
202010230000 32.2 61.6 968 75 
202010230600 32.9 61.6 968 75 
202010231200 33.7 61.6 966 75
202010231800 34.9 61.7 964 75 
202010240000 36.1 62.0 962 75 
202010240600 36.8 62.1 957 75 
202010241200 37.4 61.3 957 75 
202010241800 38.6 59.7 960 70 
202010250000 40.3 57.6 962 65 
202010250600 42.0 55.2 963 65 
202010251200 43.3 51.8 964 65 
202010251800 45.0 46.9 966 60
202010260000 47.2 41.2 968 60
202010260600 49.5 34.7 969 60
202010261200 52.1 28.5 964 60

