202008200000 14.4 47.3 1008 30 tropical depression 
202008200600 15.4 49.6 1008 30 " 
202008201200 16.1 51.6 1008 30 " 
202008201800 16.6 53.4 1008 30 " 
202008210000 16.8 55.5 1008 30 " 
202008210600 16.9 57.5 1008 30 " 
202008211200 17.0 59.4 1008 40 tropical storm 
202008211800 17.1 61.1 1007 40 " 
202008212030 17.1 61.8 1007 40 " 
202008212330 17.1 62.6 1007 40 " 
202008220000 17.1 62.8 1007 40 " 
202008220600 17.4 64.4 1007 40 " 
202008221200 17.7 65.9 1006 45 " 
202008221800 17.9 67.4 1004 45 " 
202008230000 18.2 68.8 1004 45 " 
202008230430 18.4 70.0 1004 45 " 
202008230600 18.5 70.3 1004 45 " 
202008231200 18.8 72.3 1004 45 " 
202008231800 19.4 74.3 1002 55 " 
202008240000 19.8 76.0 1000 55 " 
202008240200 20.0 76.6 1000 55 " 
202008240600 20.2 77.8 1000 50 " 
202008241200 20.8 79.7 1002 50 " 
202008241800 21.5 81.5 1001 50 " 
202008250000 22.3 83.3 998 55 " 
202008250600 22.8 84.8 995 60 "
202008251200 23.4 86.2 990 65 hurricane 
202008251800 24.1 87.5 990 70 " 
202008260000 24.9 88.9 983 75 " 
202008260600 25.6 90.2 978 90 " 
202008261200 26.4 91.4 963 100 " 
202008261800 27.3 92.5 952 120 " 
202008270000 28.5 93.0 937 130 " 
202008270600 29.8 93.3 939 130 " 
202008271200 31.2 93.3 970 85 " 
202008271800 32.8 92.9 988 55 tropical storm 
202008280000 34.4 92.5 993 35 " 

