202010241200 18.4 82.6 1007 25 tropical depression 
202010241800 18.2 83.0 1006 30 " 
202010250000 18.0 83.2 1005 35 tropical storm 
202010250600 17.7 83.5 1004 40 " 
202010251200 17.8 83.6 1003 45 " 
202010251800 18.0 83.7 1000 50 " 
202010260000 18.2 83.8 996 55 " 
202010260600 18.5 84.1 993 65 hurricane 
202010261200 18.9 84.8 990 65 " 
202010261800 19.4 85.7 984 70 " 
202010270000 19.9 86.6 980 70 " 
202010270600 20.6 87.9 981 65 " 
202010271200 21.3 89.0 985 60 tropical storm 
202010271800 22.2 90.0 988 55 " 
202010280000 23.2 90.8 990 55 " 
202010280600 24.4 91.5 984 65 hurricane 
202010281200 26.0 91.7 978 80 " 
202010281800 28.0 91.1 973 95 " 
202010290000 30.2 89.9 973 85 " 
202010290600 32.8 87.5 986 60 tropical storm 
202010291200 35.3 83.6 990 45 " 
202010291800 37.8 78.2 992 45 extratropical 
202010300000 39.5 71.7 993 45 
