     2    65
        .000  1.00000000
        .000   .99467119
        .575   .98862660
       5.741   .98174229
      21.516   .97386760
      55.712   .96482757
     116.899   .95443411
     214.015   .94249106
     356.223   .92879731
     552.720   .91315100
     812.489   .89535499
    1143.988   .87522360
    1554.789   .85259067
    2051.150   .82731884
    2637.553   .79930974
    3316.217   .76851468
    4086.614   .73494523
    4945.029   .69868292
    5884.206   .65988704
    6893.117   .61879962
    7956.908   .57574665
    9057.051   .53113482
   10171.712   .48544331
   11276.348   .43921080
   12344.490   .39301826
   13348.671   .34746849
   14261.435   .30316412
   15056.342   .26068545
   15708.893   .22057019
   16197.315   .18329624
   16503.144   .14926877
   16611.603   .11881219
   16511.736   .09216691
   16197.967   .06947458
   15683.489   .05064684
   14993.074   .03544162
   14154.316   .02355588
   13197.065   .01463712
   12152.937   .00829402
   11054.853   .00410671
    9936.614   .00163591
    8832.537   .00043106
    7777.150   .00003697
    6804.874   .00000000
    5937.050   .00000000
    5167.146   .00000000
    4485.493   .00000000
    3883.052   .00000000
    3351.460   .00000000
    2883.038   .00000000
    2470.788   .00000000
    2108.366   .00000000
    1790.051   .00000000
    1510.711   .00000000
    1265.752   .00000000
    1051.080   .00000000
     863.058   .00000000
     698.457   .00000000
     554.424   .00000000
     428.434   .00000000
     318.266   .00000000
     221.958   .00000000
     137.790   .00000000
      64.247   .00000000
      20.000   .00000000
        .000   .00000000
