     2    76
       0.000  1.00000000
       0.001  0.99763550
      73.396  0.99403910
     159.399  0.98982350
     257.862  0.98499540
     368.641  0.97956090
     491.525  0.97352980
     626.305  0.96691100
     772.757  0.95971480
     930.651  0.95195110
    1099.702  0.94363260
    1279.627  0.93477210
    1470.119  0.92538280
    1670.887  0.91547760
    1881.570  0.90507270
    2101.816  0.89418340
    2331.264  0.88282540
    2569.556  0.87101470
    2816.274  0.85876940
    3071.016  0.84610720
    3333.365  0.83304610
    3602.911  0.81960400
    3879.194  0.80580070
    4161.769  0.79165580
    4450.172  0.77718890
    4743.966  0.76241870
    5042.658  0.74736670
    5345.765  0.73205310
    5652.806  0.71649850
    5963.310  0.70072250
    6276.763  0.68474680
    6592.674  0.66859200
    6921.581  0.65171110
    7263.452  0.63409360
    7618.150  0.61573220
    7985.424  0.59662320
    8364.893  0.57676740
    8756.019  0.55616990
    9158.088  0.53484180
    9570.207  0.51279940
    9991.243  0.49006660
   10419.820  0.46667390
   10854.290  0.44266020
   11292.650  0.41807410
   11732.570  0.39297290
   12171.310  0.36742420
   12605.650  0.34150840
   13031.860  0.31531660
   13445.620  0.28895380
   13841.910  0.26253840
   14214.930  0.23620430
   14557.970  0.21010020
   14863.230  0.18439230
   15121.640  0.15926470
   15322.600  0.13492200
   15453.610  0.11159070
   15499.900  0.08952269
   15443.770  0.06899972
   15263.880  0.05033910
   14934.200  0.03390246
   14422.610  0.02010732
   13688.970  0.00944449
   12682.560  0.00250213
   11338.340  0.00000000
    9855.825  0.00000000
    8489.481  0.00000000
    7241.963  0.00000000
    6114.272  0.00000000
    5090.598  0.00000000
    4161.360  0.00000000
    3300.438  0.00000000
    2499.052  0.00000000
    1760.239  0.00000000
    1104.437  0.00000000
     572.419  0.00000000
     200.000  0.00000000
       0.000  0.00000000
