     2    86
       0.000  1.00000000
       0.001  0.99781260
      64.279  0.99452780
     139.617  0.99067680
     225.922  0.98626360
     323.036  0.98129590
     430.812  0.97578050
     549.099  0.96972420
     677.693  0.96313660
     816.396  0.95602700
     964.992  0.94840540
    1123.275  0.94028120
    1290.981  0.93166660
    1467.848  0.92257400
    1653.629  0.91301450
    1848.017  0.90300250
    2050.715  0.89255150
    2261.417  0.88167580
    2479.829  0.87038860
    2705.594  0.85870640
    2938.376  0.84664460
    3177.847  0.83421810
    3423.626  0.82144420
    3675.347  0.80833970
    3932.640  0.79492120
    4195.140  0.78120510
    4462.442  0.76720960
    4734.152  0.75295280
    5009.892  0.73845090
    5289.242  0.72372310
    5571.792  0.70878730
    5857.136  0.69366160
    6150.732  0.67805120
    6452.460  0.66195550
    6762.146  0.64537550
    7079.603  0.62831220
    7404.529  0.61077120
    7736.602  0.59275850
    8075.412  0.57428290
    8420.472  0.55535570
    8771.206  0.53599180
    9126.951  0.51620790
    9486.955  0.49602390
    9850.329  0.47546400
   10216.060  0.45455620
   10583.030  0.43333130
   10949.960  0.41182430
   11315.400  0.39007520
   11677.740  0.36812790
   12035.160  0.34603090
   12385.660  0.32383830
   12726.950  0.30160850
   13056.530  0.27940580
   13371.580  0.25729940
   13668.940  0.23536450
   13945.110  0.21368240
   14196.130  0.19234020
   14417.550  0.17143230
   14604.370  0.15105970
   14750.900  0.13133120
   14850.680  0.11236420
   14896.290  0.09428541
   14879.180  0.07723233
   14789.470  0.06135530
   14615.570  0.04681949
   14343.870  0.03380854
   13958.200  0.02252847
   13439.240  0.01321364
   12763.710  0.00613397
   11903.290  0.00160479
   10823.300  0.00000000
    9657.844  0.00000000
    8568.935  0.00000000
    7557.458  0.00000000
    6623.649  0.00000000
    5767.065  0.00000000
    4986.607  0.00000000
    4280.536  0.00000000
    3632.605  0.00000000
    3032.566  0.00000000
    2464.000  0.00000000
    1920.603  0.00000000
    1403.142  0.00000000
     924.218  0.00000000
     512.984  0.00000000
     200.000  0.00000000
       0.000  0.00000000
