       2    96
         0.000  1.00000000
         0.000  0.99752820
        59.197  0.99432345
       121.921  0.99092694
       188.358  0.98732843
       258.698  0.98351737
       333.146  0.97948255
       411.908  0.97521256
       495.199  0.97069543
       583.241  0.96591888
       676.261  0.96087023
       774.491  0.95553653
       878.164  0.94990468
       987.522  0.94396115
      1102.804  0.93769231
      1224.253  0.93108440
      1352.112  0.92412355
      1486.618  0.91679603
      1628.010  0.90908801
      1776.519  0.90098593
      1932.369  0.89247650
      2095.775  0.88354671
      2266.941  0.87418418
      2446.057  0.86437695
      2633.290  0.85411415
      2828.795  0.84338544
      3032.699  0.83218173
      3245.103  0.82049505
      3466.077  0.80831893
      3695.662  0.79564825
      3933.855  0.78247979
      4180.620  0.76881199
      4435.873  0.75464546
      4699.484  0.73998294
      4971.271  0.72482951
      5250.999  0.70919280
      5538.379  0.69308287
      5833.061  0.67651265
      6134.635  0.65949769
      6442.630  0.64205643
      6756.507  0.62421024
      7075.671  0.60598316
      7399.456  0.58740213
      7727.136  0.56849690
      8057.921  0.54929981
      8390.963  0.52984561
      8725.354  0.51017150
      9060.132  0.49031671
      9394.283  0.47032244
      9726.744  0.45023144
     10056.410  0.43008786
     10382.133  0.40993687
     10702.732  0.38982441
     11017.404  0.36977045
     11325.496  0.34978143
     11626.256  0.32986476
     11918.812  0.31002907
     12201.782  0.29031033
     12473.479  0.27075941
     12732.122  0.25142765
     12975.824  0.23236680
     13202.583  0.21362873
     13410.259  0.19526550
     13596.557  0.17732930
     13758.994  0.15987257
     13894.862  0.14294820
     14001.187  0.12660973
     14074.661  0.11091199
     14111.575  0.09591167
     14107.716  0.08166823
     14058.249  0.06824504
     13957.556  0.05571091
     13799.035  0.04414230
     13574.843  0.03362645
     13275.496  0.02426288
     12889.463  0.01617132
     12402.599  0.00949729
     11797.385  0.00441960
     11051.895  0.00116057
     10138.380  0.00000000
      9152.469  0.00000000
      8212.358  0.00000000
      7318.648  0.00000000
      6471.937  0.00000000
      5672.827  0.00000000
      4921.916  0.00000000
      4219.805  0.00000000
      3567.095  0.00000000
      2964.384  0.00000000
      2412.274  0.00000000
      1911.363  0.00000000
      1462.253  0.00000000
      1065.542  0.00000000
       721.831  0.00000000
       431.721  0.00000000
       200.000  0.00000000
         0.000  0.00000000
