     2    97
       0.000  1.00000000
       0.000  0.99692506
       0.000  0.99369586
       0.019  0.99030551
       0.115  0.98674656
       0.373  0.98301107
       1.084  0.97908894
       3.278  0.97496250
       8.188  0.97061193
      17.066  0.96601707
      31.182  0.96115750
      51.817  0.95601261
      80.264  0.95056163
     117.818  0.94478369
     165.775  0.93865797
     225.427  0.93216370
     298.050  0.92528032
     384.907  0.91798756
     487.231  0.91026555
     606.226  0.90209495
     743.052  0.89345708
     898.821  0.88433408
    1074.585  0.87470901
    1271.327  0.86456606
    1489.952  0.85389067
    1731.277  0.84266973
    1996.015  0.83089173
    2284.772  0.81854695
    2598.030  0.80562764
    2936.137  0.79212819
    3299.296  0.77804532
    3687.558  0.76337824
    4100.806  0.74812883
    4538.746  0.73230179
    5000.901  0.71590481
    5486.600  0.69894869
    5994.972  0.68144743
    6524.938  0.66341839
    7075.207  0.64488232
    7644.274  0.62586345
    8230.416  0.60638948
    8831.693  0.58649160
    9445.951  0.56620448
   10070.825  0.54556616
   10703.744  0.52461798
   11341.940  0.50340446
   11982.459  0.48197312
   12622.171  0.46037430
   13257.786  0.43866091
   13885.870  0.41688819
   14502.861  0.39511345
   15105.089  0.37339571
   15688.795  0.35179540
   16250.158  0.33037402
   16785.309  0.30919377
   17290.362  0.28831717
   17761.432  0.26780671
   18194.659  0.24772446
   18586.234  0.22813171
   18932.416  0.20908860
   19229.558  0.19065380
   19474.126  0.17288417
   19662.716  0.15583445
   19792.072  0.13955700
   19859.104  0.12410153
   19860.898  0.10951491
   19794.730  0.09584095
   19658.075  0.08312025
   19448.616  0.07139012
   19164.245  0.06068442
   18803.688  0.05102741
   18370.079  0.04239793
   17868.514  0.03475389
   17304.310  0.02804968
   16682.992  0.02223630
   16010.295  0.01726146
   15292.149  0.01306965
   14534.679  0.00960228
   13744.191  0.00679782
   12927.165  0.00459195
   12090.243  0.00291772
   11240.223  0.00170572
   10384.043  0.00088425
    9528.771  0.00037953
    8681.597  0.00011582
    7849.818  0.00001566
    7040.830  0.00000000
    6260.954  0.00000000
    5511.149  0.00000000
    4790.766  0.00000000
    4099.121  0.00000000
    3435.501  0.00000000
    2799.170  0.00000000
    2189.373  0.00000000
    1605.341  0.00000000
    1042.000  0.00000000
     500.000  0.00000000
       0.000  0.00000000
