     2    97
       0.000  1.00000000
       0.000  0.99801330
      53.905  0.99506630
     117.114  0.99160980
     189.522  0.98764910
     271.042  0.98318860
     361.564  0.97823360
     460.958  0.97279080
     569.066  0.96686830
     685.755  0.96047220
     810.861  0.95361110
     944.217  0.94629340
    1085.608  0.93852950
    1234.862  0.93032820
    1391.772  0.92169960
    1556.121  0.91265460
    1727.664  0.90320560
    1906.181  0.89336320
    2091.431  0.88313940
    2283.162  0.87254640
    2481.093  0.86159870
    2684.975  0.85030790
    2894.532  0.83868800
    3109.483  0.82675250
    3329.520  0.81451660
    3554.370  0.80199380
    3783.728  0.78919850
    4017.296  0.77614550
    4254.744  0.76285070
    4495.776  0.74932830
    4740.081  0.73559330
    4987.334  0.72166100
    5239.894  0.70739560
    5497.664  0.69279800
    5760.528  0.67787020
    6028.345  0.66261530
    6300.932  0.64703790
    6578.087  0.63114330
    6859.596  0.61493710
    7145.184  0.59842730
    7434.551  0.58162290
    7727.358  0.56453410
    8023.225  0.54717270
    8321.736  0.52955160
    8622.422  0.51168520
    8924.771  0.49358980
    9228.209  0.47528350
    9532.109  0.45678580
    9835.778  0.43811870
   10138.460  0.41930590
   10439.330  0.40037200
   10737.500  0.38134460
   11031.980  0.36225300
   11321.700  0.34312880
   11605.490  0.32400610
   11882.100  0.30491940
   12150.130  0.28590750
   12408.080  0.26701070
   12654.310  0.24827120
   12887.020  0.22973400
   13104.240  0.21144670
   13303.820  0.19345880
   13483.380  0.17582320
   13640.310  0.15859490
   13771.720  0.14183230
   13874.400  0.12559680
   13944.750  0.10995300
   13978.770  0.09497006
   13971.940  0.08072120
   13919.130  0.06728486
   13814.550  0.05474524
   13651.550  0.04319378
   13422.490  0.03273027
   13118.550  0.02346477
   12729.470  0.01551956
   12243.260  0.00903211
   11645.830  0.00415868
   10920.510  0.00107863
   10047.510  0.00000000
    9119.842  0.00000000
    8245.812  0.00000000
    7425.567  0.00000000
    6658.947  0.00000000
    5945.504  0.00000000
    5284.487  0.00000000
    4674.871  0.00000000
    4115.354  0.00000000
    3604.377  0.00000000
    3140.147  0.00000000
    2709.433  0.00000000
    2303.561  0.00000000
    1911.389  0.00000000
    1527.877  0.00000000
    1152.231  0.00000000
     791.681  0.00000000
     466.374  0.00000000
     200.000  0.00000000
       0.000  0.00000000
