     2    86
       0.000  1.00000000
       0.000  0.99770474
      58.886  0.99464942
     125.196  0.99120801
     200.566  0.98729530
     285.274  0.98289635
     379.115  0.97802132
     482.172  0.97266532
     595.006  0.96679843
     718.371  0.96038073
     852.531  0.95339739
     997.366  0.94585370
    1152.750  0.93775493
    1319.613  0.92905131
    1499.929  0.91963801
    1696.141  0.90938531
    1910.192  0.89818871
    2143.718  0.88595894
    2398.808  0.87258194
    2678.566  0.85788895
    2986.994  0.84166171
    3329.253  0.82361773
    3711.335  0.80342565
    4138.790  0.78077072
    4613.210  0.75553971
    5130.672  0.72790541
    5682.497  0.69829067
    6259.160  0.66716326
    6852.631  0.63491120
    7456.971  0.60180842
    8067.185  0.56807487
    8678.370  0.53392141
    9286.086  0.49952867
    9882.744  0.46525321
   10464.529  0.43123561
   11025.461  0.39773939
   11559.261  0.36505130
   12059.874  0.33345726
   12522.058  0.30321215
   12941.975  0.27450416
   13317.378  0.24743806
   13647.442  0.22203555
   13932.226  0.19825814
   14172.052  0.17604034
   14367.057  0.15531987
   14517.068  0.13605106
   14621.737  0.11819669
   14680.635  0.10171498
   14693.151  0.08655507
   14658.311  0.07267107
   14574.803  0.06003421
   14441.187  0.04863326
   14255.897  0.03845551
   14016.739  0.02947387
   13719.884  0.02164759
   13361.938  0.01499089
   12943.674  0.00956989
   12465.676  0.00538871
   11926.269  0.00241553
   11315.830  0.00061120
   10626.683  0.00000000
    9912.606  0.00000000
    9231.202  0.00000000
    8578.707  0.00000000
    7952.004  0.00000000
    7348.514  0.00000000
    6767.012  0.00000000
    6207.574  0.00000000
    5671.285  0.00000000
    5159.264  0.00000000
    4672.351  0.00000000
    4211.130  0.00000000
    3776.013  0.00000000
    3367.308  0.00000000
    2985.209  0.00000000
    2629.785  0.00000000
    2300.976  0.00000000
    1998.580  0.00000000
    1719.528  0.00000000
    1462.237  0.00000000
    1224.333  0.00000000
    1006.000  0.00000000
     800.000  0.00000000
     600.000  0.00000000
     400.000  0.00000000
     200.000  0.00000000
       0.000  0.00000000
