  npes   npe   mpe   idm   jdm  ibig  jbig  nreg  minsea  maxsea  avesea
    60    12     5  1938   937   162   188     0       0   30456   19482

ispt(  1) =     60   162   323   484   646   808   970  1132
              1294  1456  1617  1778
iipe(  1) =    102   161   161   162   162   162   162   162
               162   161   161   161
ispt(  2) =    111   162   323   484   646   808   970  1132
              1294  1456  1617  1778
iipe(  2) =     51   161   161   162   162   162   162   162
               162   161   161   161
ispt(  3) =     91   162   323   484   646   808   970  1132
              1294  1456  1617  1778
iipe(  3) =     71   161   161   162   162   162   162   162
               162   161   161   161
ispt(  4) =     31   224   323   484   711   959   970  1132
              1294  1456  1617  1778
iipe(  4) =     93    99   161    54    74    11   162   162
               162   161   161   161
ispt(  5) =    156   317   478   640   802   964  1096  1132
              1294  1456  1617  1778
iipe(  5) =      6     6     6     6     6     6    36   162
               162   161   161   161
 
jspt(  1) =      1   188   376   564   751
jjpe(  1) =    187   188   188   187   187
