  npes   npe   mpe   idm   jdm  ibig  jbig  nreg  minsea  maxsea  avesea
   240    30     8  2689   756    90    95     0       0    8550    7360

ispt(  1) =      1    90   179   268   357   446   536   626
               716   806   896   986  1076  1166  1256  1346
              1436  1526  1616  1706  1796  1886  1976  2066
              2156  2245  2334  2423  2512  2601
iipe(  1) =     89    89    89    89    89    90    90    90
                90    90    90    90    90    90    90    90
                90    90    90    90    90    90    90    90
                89    89    89    89    89    89
ispt(  2) =      1    90   179   268   357   446   536   626
               716   806   896   986  1076  1166  1256  1346
              1436  1526  1616  1706  1796  1886  1976  2066
              2156  2245  2334  2423  2512  2601
iipe(  2) =     89    89    89    89    89    90    90    90
                90    90    90    90    90    90    90    90
                90    90    90    90    90    90    90    90
                89    89    89    89    89    89
ispt(  3) =      1    90   179   268   357   446   536   626
               716   806   896   986  1076  1166  1256  1346
              1436  1566  1616  1706  1796  1886  1976  2066
              2156  2245  2334  2423  2512  2601
iipe(  3) =     89    89    89    89    89    90    90    90
                90    90    90    90    90    90    90    90
                 6    50    90    90    90    90    90    90
                89    89    89    89    89    89
ispt(  4) =     78    90   179   268   357   446   536   626
               716   806   896   986  1076  1250  1340  1430
              1520  1559  1616  1706  1796  1886  1976  2066
              2156  2245  2334  2423  2512  2601
iipe(  4) =     12    89    89    89    89    90    90    90
                90    90    90    90    52     6     6     6
                 6    57    90    90    90    90    90    90
                89    89    89    89    89    89
ispt(  5) =     84   123   179   268   357   446   536   626
               716   806   896   986  1076  1166  1256  1383
              1436  1526  1616  1706  1796  1886  1976  2066
              2156  2245  2334  2423  2512  2601
iipe(  5) =      6    56    89    89    89    90    90    90
                90    90    90    90    90    90    54    53
                90    90    90    90    90    90    90    90
                89    89    89    89    89    89
ispt(  6) =     84   173   179   268   357   446   536   626
               716   806   896   986  1076  1166  1256  1346
              1436  1526  1616  1706  1796  1886  1976  2066
              2156  2245  2334  2423  2512  2601
iipe(  6) =      6     6    89    89    89    90    90    90
                90    90    90    90    90    90    90    90
                90    90    90    90    90    90    90    90
                89    89    89    89    89    89
ispt(  7) =     84   173   179   268   357   446   536   626
               716   806   896   986  1076  1166  1256  1346
              1436  1526  1616  1706  1796  1886  1976  2066
              2156  2245  2334  2423  2512  2601
iipe(  7) =      6     6    89    89    89    90    90    90
                90    90    90    90    90    90    90    90
                90    90    90    90    90    90    90    90
                89    89    89    89    89    89
ispt(  8) =     84   173   216   268   357   446   536   626
               716   806   896   986  1076  1166  1256  1346
              1436  1526  1616  1706  1796  1886  1976  2066
              2156  2245  2334  2423  2512  2601
iipe(  8) =      6     6    52    89    89    90    90    90
                90    90    90    90    90    90    90    90
                90    90    90    90    90    90    90    90
                89    89    89    89    89    89
 
jspt(  1) =      1    95   189   284   379   474   569   663
jjpe(  1) =     94    94    95    95    95    95    94    94
