  npes   npe   mpe   idm   jdm  ibig  jbig  nreg  minsea  maxsea  avesea
    90    18     5  2689   756   150   152     0       0   22800   19629

ispt(  1) =      1   150   299   448   597   746   896  1046
              1196  1346  1496  1646  1796  1945  2094  2243
              2392  2541
iipe(  1) =    149   149   149   149   149   150   150   150
               150   150   150   150   149   149   149   149
               149   149
ispt(  2) =      1   150   299   448   597   746   896  1046
              1196  1346  1496  1646  1796  1945  2094  2243
              2392  2541
iipe(  2) =    149   149   149   149   149   150   150   150
               150   150   150   150   149   149   149   149
               149   149
ispt(  3) =     95   150   299   448   597   746   896  1046
              1196  1413  1507  1646  1796  1945  2094  2243
              2392  2541
iipe(  3) =     55   149   149   149   149   150   150   150
                37    44   139   150   149   149   149   149
               149   149
ispt(  4) =    144   166   299   448   597   746   896  1046
              1196  1346  1496  1646  1796  1945  2094  2243
              2392  2541
iipe(  4) =      6   133   149   149   149   150   150   150
               150   150   150   150   149   149   149   149
               149   149
ispt(  5) =    144   177   299   448   597   746   896  1046
              1196  1346  1496  1646  1796  1945  2094  2243
              2392  2541
iipe(  5) =      6   122   149   149   149   150   150   150
               150   150   150   150   149   149   149   149
               149   149
 
jspt(  1) =      1   152   304   455   606
jjpe(  1) =    151   152   151   151   151
