  npes   npe   mpe   idm   jdm  ibig  jbig  nreg  minsea  maxsea  avesea
    60    15     4  2689   756   180   189     0      74   34020   29443

ispt(  1) =      1   180   359   538   717   896  1076  1256
              1436  1616  1795  1974  2153  2332  2511
iipe(  1) =    179   179   179   179   179   180   180   180
               180   179   179   179   179   179   179
ispt(  2) =      1   180   359   538   717   896  1076  1256
              1436  1616  1795  1974  2153  2332  2511
iipe(  2) =    179   179   179   179   179   180   180   180
               180   179   179   179   179   179   179
ispt(  3) =    123   180   359   538   717   896  1076  1256
              1436  1616  1795  1974  2153  2332  2511
iipe(  3) =     57   179   179   179   179   180   180   180
               180   179   179   179   179   179   179
ispt(  4) =    174   180   359   538   717   896  1076  1256
              1436  1616  1795  1974  2153  2332  2511
iipe(  4) =      6   179   179   179   179   180   180   180
               180   179   179   179   179   179   179
 
jspt(  1) =      1   190   379   568
jjpe(  1) =    189   189   189   189
