  npes   npe   mpe   idm   jdm  ibig  jbig  nreg  minsea  maxsea  avesea
   240    15    16  4126  1264  1399   115     0   16043   16416   16249

ispt(  1) =      1   264   527   790  1053  1316  1602  1890
              2157  2420  2684  2947  3210  3601  3864
iipe(  1) =    263   263   263   263   263   286   288   267
               263   264   263   263   391   263   263
ispt(  2) =      1   255   509   764  1018  1272  1625  1896
              2157  2411  2666  2920  3174  3619  3873
iipe(  2) =    254   254   255   254   254   353   271   261
               254   255   254   254   445   254   254
ispt(  3) =      1   270   505   740   975  1323  1778  2013
              2248  2483  2718  2953  3188  3657  3892
iipe(  3) =    269   235   235   235   348   455   235   235
               235   235   235   235   469   235   235
ispt(  4) =     69   311   529   747   965  1670  1889  2107
              2325  2543  2761  2980  3198  3691  3909
iipe(  4) =    242   218   218   218   705   219   218   218
               218   218   219   218   493   218   218
ispt(  5) =     99   391   603   814  1025  1676  1890  2101
              2312  2523  2734  2945  3156  3705  3916
iipe(  5) =    292   212   211   211   651   214   211   211
               211   211   211   211   549   211   211
ispt(  6) =    124   444   660   876  1091  1548  1764  1984
              2199  2415  2631  2847  3062  3304  3911
iipe(  6) =    320   216   216   215   457   216   220   215
               216   216   216   215   242   607   216
ispt(  7) =    181   420   644   867  1091  1337  1607  1833
              2057  2280  2504  2727  2950  3173  3904
iipe(  7) =    239   224   223   224   246   270   226   224
               223   224   223   223   223   731   223
ispt(  8) =    174   398   612   826  1080  1335  1667  1881
              2094  2308  2522  2735  2948  3161  3914
iipe(  8) =    224   214   214   254   255   332   214   213
               214   214   213   213   213   753   213
ispt(  9) =    194   461   683   906  1293  1528  1750  1972
              2193  2415  2637  2859  3082  3684  3906
iipe(  9) =    267   222   223   387   235   222   222   221
               222   222   222   223   602   222   221
ispt( 10) =    275   531   773  1033  1298  1525  1751  1977
              2203  2429  2655  2881  3107  3608  3834
iipe( 10) =    256   242   260   265   227   226   226   226
               226   226   226   226   501   226   293
ispt( 11) =    185   503   790  1117  1368  1598  1827  2056
              2285  2515  2745  2974  3260  3533  3762
iipe( 11) =    318   287   327   251   230   229   229   229
               230   230   229   286   273   229   262
ispt( 12) =    154   552  1044  1277  1489  1700  1912  2124
              2338  2550  2762  3112  3348  3562  3774
iipe( 12) =    398   492   233   212   211   212   212   214
               212   212   350   236   214   212   223
ispt( 13) =    110  1154  1365  1556  1746  1936  2127  2318
              2508  2699  3019  3234  3425  3615  3805
iipe( 13) =   1044   211   191   190   190   191   191   190
               191   320   215   191   190   190   219
ispt( 14) =      1  1310  1490  1661  1832  2002  2173  2343
              2513  2684  3209  3379  3549  3720  3890
iipe( 14) =   1309   180   171   171   170   171   170   170
               171   525   170   170   171   170   214
ispt( 15) =      1  1309  1508  1663  1818  1972  2127  2282
              2436  2591  3322  3477  3631  3786  3941
iipe( 15) =   1308   199   155   155   154   155   155   154
               155   731   155   154   155   155   186
ispt( 16) =      1  1400  1565  1706  1847  1988  2129  2270
              2411  2552  3392  3541  3682  3823  3964
iipe( 16) =   1399   165   141   141   141   141   141   141
               141   840   149   141   141   141   163
 
jspt(  1) =      1    63   127   196   270   347   422   495
               571   644   716   787   864   949  1045  1150
jjpe(  1) =     62    64    69    74    77    75    73    76
                73    72    71    77    85    96   105   115
