  npes   npe   mpe   idm   jdm  ibig  jbig  nreg  minsea  maxsea  avesea
    90     6    15  4126  1264  1635   122     0   42944   43694   43331

ispt(  1) =      1   659  1316  2025  2683  3469
iipe(  1) =    658   657   709   658   786   658
ispt(  2) =      1   634  1269  2035  2668  3493
iipe(  2) =    633   635   766   633   825   634
ispt(  3) =      1   623  1353  2155  2731  3546
iipe(  3) =    622   730   802   576   815   581
ispt(  4) =     78   655  1683  2224  2765  3579
iipe(  4) =    577  1028   541   541   814   548
ispt(  5) =    123   722  1639  2173  2703  3233
iipe(  5) =    599   917   534   530   530   894
ispt(  6) =    151   775  1444  2032  2580  3127
iipe(  6) =    624   669   588   548   547  1000
ispt(  7) =    174   732  1316  1941  2489  3037
iipe(  7) =    558   584   625   548   548  1090
ispt(  8) =    176   745  1497  2042  2582  3123
iipe(  8) =    569   752   545   540   541  1004
ispt(  9) =    233   851  1528  2093  2658  3493
iipe(  9) =    618   677   565   565   835   634
ispt( 10) =    218   906  1561  2133  2705  3432
iipe( 10) =    688   655   572   572   727   616
ispt( 11) =    155  1104  1667  2211  2756  3440
iipe( 11) =    949   563   544   545   684   557
ispt( 12) =    117  1391  1880  2371  2976  3502
iipe( 12) =   1274   489   491   605   526   507
ispt( 13) =      1  1576  2009  2441  3183  3617
iipe( 13) =   1575   433   432   742   434   465
ispt( 14) =      1  1575  1967  2358  3311  3703
iipe( 14) =   1574   392   391   953   392   424
ispt( 15) =      1  1636  1989  2341  3387  3750
iipe( 15) =   1635   353   352  1046   363   377
 
jspt(  1) =      1    67   136   211   291   373   452   531
               611   688   764   843   932  1032  1143
jjpe(  1) =     66    69    75    80    82    79    79    80
                77    76    79    89   100   111   122
