  npes   npe   mpe   idm   jdm  ibig  jbig  nreg  minsea  maxsea  avesea
    60     5    12  4126  1264  1698   151     0   64509   65562   64997

ispt(  1) =      1   787  1598  2416  3202
iipe(  1) =    786   811   818   786   925
ispt(  2) =      1   750  1692  2438  3177
iipe(  2) =    749   942   746   739   950
ispt(  3) =     46   744  1880  2539  3198
iipe(  3) =    698  1136   659   659   929
ispt(  4) =     99   822  1869  2506  3142
iipe(  4) =    723  1047   637   636   985
ispt(  5) =    151   882  1678  2342  3003
iipe(  5) =    731   796   664   661  1124
ispt(  6) =    174   830  1649  2297  2942
iipe(  6) =    656   819   648   645  1185
ispt(  7) =    194   935  1750  2419  3088
iipe(  7) =    741   815   669   669  1039
ispt(  8) =    218  1068  1782  2468  3175
iipe(  8) =    850   714   686   707   898
ispt(  9) =    154  1253  1899  2546  3338
iipe(  9) =   1099   646   647   792   659
ispt( 10) =     94  1590  2150  2711  3446
iipe( 10) =   1496   560   561   735   619
ispt( 11) =      1  1652  2139  2626  3601
iipe( 11) =   1651   487   487   975   526
ispt( 12) =      1  1699  2128  2556  3669
iipe( 12) =   1698   429   428  1113   458
 
jspt(  1) =      1    84   172   270   372   470   571   669
               764   864   980  1114
jjpe(  1) =     83    88    98   102    98   101    98    95
               100   116   134   151
