  npes   npe   mpe   idm   jdm  ibig  jbig  nreg  minsea  maxsea  avesea
    60    10     6   876   476    90    81     0    6872    7040    6923

ispt(  1) =      1    90   178   265   353   440   528   615
               702   789
iipe(  1) =     89    88    87    88    87    88    87    87
                87    88
ispt(  2) =      1    90   178   265   353   440   528   616
               703   790
iipe(  2) =     89    88    87    88    87    88    88    87
                87    87
ispt(  3) =      1    89   177   264   351   438   526   616
               703   790
iipe(  3) =     88    88    87    87    87    88    90    87
                87    87
ispt(  4) =      1    90   178   265   353   440   528   616
               703   790
iipe(  4) =     89    88    87    88    87    88    88    87
                87    87
ispt(  5) =      1    90   178   265   353   440   528   616
               703   790
iipe(  5) =     89    88    87    88    87    88    88    87
                87    87
ispt(  6) =      1    90   178   265   353   440   528   616
               703   790
iipe(  6) =     89    88    87    88    87    88    88    87
                87    87
 
jspt(  1) =      1    82   161   240   319   398
jjpe(  1) =     81    79    79    79    79    79
