  npes   npe   mpe   idm   jdm  ibig  jbig  nreg  minsea  maxsea  avesea
   240    24    10  1938   937    81    94     0       0    7614    4870

ispt(  1) =     60    81   161   241   322   403   484   565
               646   727   808   889   970  1051  1132  1288
              1334  1375  1456  1537  1618  1699  1779  1859
iipe(  1) =     21    80    80    81    81    81    81    81
                81    81    81    81    81    81    51     6
                41    81    81    81    81    80    80    80
ispt(  2) =     75   118   161   241   322   403   484   565
               646   727   808   889   970  1051  1132  1213
              1294  1375  1456  1537  1618  1699  1779  1859
iipe(  2) =      6    43    80    81    81    81    81    81
                81    81    81    81    81    81    81    81
                81    81    81    81    81    80    80    80
ispt(  3) =     75   111   161   241   322   403   484   565
               646   727   808   889   970  1051  1132  1213
              1294  1375  1456  1537  1618  1699  1779  1859
iipe(  3) =      6    50    80    81    81    81    81    81
                81    81    81    81    81    81    81    81
                81    81    81    81    81    80    80    80
ispt(  4) =     75   146   161   241   322   403   484   565
               646   727   808   889   970  1051  1132  1213
              1294  1375  1456  1537  1618  1699  1779  1859
iipe(  4) =      6    15    80    81    81    81    81    81
                81    81    81    81    81    81    81    81
                81    81    81    81    81    80    80    80
ispt(  5) =     75   147   161   241   322   403   484   565
               646   727   808   889   970  1051  1132  1213
              1294  1375  1456  1537  1618  1699  1779  1859
iipe(  5) =      6    14    80    81    81    81    81    81
                81    81    81    81    81    81    81    81
                81    81    81    81    81    80    80    80
ispt(  6) =     75    91   161   241   322   403   484   565
               646   727   808   889   970  1051  1132  1213
              1294  1375  1456  1537  1618  1699  1779  1859
iipe(  6) =      6    70    80    81    81    81    81    81
                81    81    81    81    81    81    81    81
                81    81    81    81    81    80    80    80
ispt(  7) =     43    81   234   241   322   403   484   640
               711   727   883   959   970  1051  1132  1213
              1294  1375  1456  1537  1618  1699  1779  1859
iipe(  7) =     38    43     7    81    81    81    54     6
                16    58     6    11    81    81    81    81
                81    81    81    81    81    80    80    80
ispt(  8) =     31   155   224   241   397   478   559   640
               721   802   883   964  1045  1122  1132  1213
              1294  1375  1456  1537  1618  1699  1779  1859
iipe(  8) =     43     6    17    45     6     6     6     6
                 6     6     6     6     6    10    81    81
                81    81    81    81    81    80    80    80
ispt(  9) =     75   155   235   316   397   478   559   640
               721   802   883   964  1045  1096  1132  1213
              1294  1375  1456  1537  1618  1699  1779  1859
iipe(  9) =      6     6     6     6     6     6     6     6
                 6     6     6     6     6    36    81    81
                81    81    81    81    81    80    80    80
ispt( 10) =     75   155   235   316   397   478   559   640
               721   802   883   964  1045  1118  1132  1220
              1294  1375  1456  1537  1618  1699  1779  1859
iipe( 10) =      6     6     6     6     6     6     6     6
                 6     6     6     6     6    14    52    74
                81    81    81    81    81    80    80    80
 
jspt(  1) =      1    94   188   282   376   470   564   658
               752   845
jjpe(  1) =     93    94    94    94    94    94    94    94
                93    93
