  npes   npe   mpe   idm   jdm  ibig  jbig  nreg  minsea  maxsea  avesea
    56    10     6  2412  1030   242   172     0     463   41559   32919

ispt(  1) =      1   242   483   724   965  1207     0  1702
              1931  2172
iipe(  1) =    241   241   241   241   242   144     0   229
               241   241
ispt(  2) =      1   242   483   724   965  1207  1586  1690
              1931  2172
iipe(  2) =    241   241   241   241   242    55   104   241
               241   225
ispt(  3) =      1   242   483   724   965  1207  1449  1690
              1931  2172
iipe(  3) =    241   241   241   241   242   242   241   241
               241   179
ispt(  4) =      1   242   483   724   965  1207  1449  1690
              1931     0
iipe(  4) =    241   241   241   241   242   242   241   241
               176     0
ispt(  5) =      1   242   483   724  1043  1207  1449  1690
              1931  2172
iipe(  5) =    241   241   241    98   164   242   241   241
               241   241
ispt(  6) =      1   242   483     0     0  1304  1449  1690
              1931  2172
iipe(  6) =    241   241   195     0     0   145   241   241
               241   241
 
jspt(  1) =      1   172   344   516   688   860
jjpe(  1) =    171   172   172   172   172   171
