  npes   npe   mpe   idm   jdm  ibig  jbig  nreg  minsea  maxsea  avesea
   120    20     6  2689   756   135   126     0       0   17010   14721

ispt(  1) =      1   135   269   403   537   671   806   941
              1076  1211  1346  1481  1616  1751  1886  2020
              2154  2288  2422  2556
iipe(  1) =    134   134   134   134   134   135   135   135
               135   135   135   135   135   135   134   134
               134   134   134   134
ispt(  2) =      1   135   269   403   537   671   806   941
              1076  1211  1346  1481  1616  1751  1886  2020
              2154  2288  2422  2556
iipe(  2) =    134   134   134   134   134   135   135   135
               135   135   135   135   135   135   134   134
               134   134   134   134
ispt(  3) =     55   135   269   403   537   671   806   941
              1076  1295  1346  1559  1616  1751  1886  2020
              2154  2288  2422  2556
iipe(  3) =     80   134   134   134   134   135   135   135
                61    51     6    57   135   135   134   134
               134   134   134   134
ispt(  4) =    123   135   269   403   537   671   806   941
              1076  1211  1382  1481  1616  1751  1886  2020
              2154  2288  2422  2556
iipe(  4) =     12   134   134   134   134   135   135   135
               135   110    99   135   135   135   134   134
               134   134   134   134
ispt(  5) =    129   174   269   403   537   671   806   941
              1076  1211  1346  1481  1616  1751  1886  2020
              2154  2288  2422  2556
iipe(  5) =      6    95   134   134   134   135   135   135
               135   135   135   135   135   135   134   134
               134   134   134   134
ispt(  6) =    129   189   269   403   537   671   806   941
              1076  1211  1346  1481  1616  1751  1886  2020
              2154  2288  2422  2556
iipe(  6) =      6    80   134   134   134   135   135   135
               135   135   135   135   135   135   134   134
               134   134   134   134
 
jspt(  1) =      1   127   253   379   505   631
jjpe(  1) =    126   126   126   126   126   126
