  npes   npe   mpe   idm   jdm  ibig  jbig  nreg  minsea  maxsea  avesea
   180    20     9  2413   964   121   108     0       0   13068    9716

ispt(  1) =      1   121   241   361   482   603   724   845
               966  1087  1208  1329  1565  1686  1703  1813
              1934  2054  2174  2294
iipe(  1) =    120   120   120   121   121   121   121   121
               121   121   121    22     6     6   110   121
               120   120   120   114
ispt(  2) =      1   121   241   361   482   603   724   845
               966  1087  1208  1444  1565  1686  1738  1813
              1934  2054  2174  2294
iipe(  2) =    120   120   120   121   121   121   121   121
               121   121    81     6     6     6    75   121
               120   120   120   107
ispt(  3) =      1   121   241   361   482   603   724   845
               966  1087  1208  1444  1565  1592  1692  1813
              1934  2054  2174  2294
iipe(  3) =    120   120   120   121   121   121   121   121
               121   121    37     6     6   100   121   121
               120   120   120    94
ispt(  4) =      1   121   241   361   482   603   724   845
               966  1087  1208  1329  1450  1571  1692  1813
              1934  2054  2174  2294
iipe(  4) =    120   120   120   121   121   121   121   121
               121   121   121   121   121   121   121   121
               120   120   120    58
ispt(  5) =      1   121   241   361   482   603   724   845
               966  1087  1208  1329  1450  1571  1692  1813
              1934  2054  2288  2408
iipe(  5) =    120   120   120   121   121   121   121   121
               121   121   121   121   121   121   121   121
               120     6     6     6
ispt(  6) =      1   121   241   361   482   603   724   845
              1003  1087  1208  1329  1450  1571  1692  1813
              1934  2054  2288  2408
iipe(  6) =    120   120   120   121   121   121   121    88
                84   121   121   121   121   121   121   121
               120     6     6     6
ispt(  7) =      1   121   241   361   482   603   724   845
              1008  1087  1208  1329  1450  1571  1692  1813
              1934  2054  2288  2352
iipe(  7) =    120   120   120   121   121   121   121    17
                79   121   121   121   121   121   121   121
               120    91     6    62
ispt(  8) =      1   121   241   361   482   603   724   960
              1081  1202  1240  1329  1450  1571  1692  1813
              1934  2054  2174  2294
iipe(  8) =    120   120   120   121   121   121    28     6
                 6     6    89   121   121   121   121   121
               120   120   120   120
ispt(  9) =      1   121   241   361   482   603   839   960
              1081  1202  1302  1329  1450  1571  1692  1813
              1934  2054  2174  2294
iipe(  9) =    120   120   120   121   121    75     6     6
                 6     6    27   121   121   121   121   121
               120   120   120   120
 
jspt(  1) =      1   108   215   322   430   537   644   751
               858
jjpe(  1) =    107   107   107   108   107   107   107   107
               107
