  npes   npe   mpe   idm   jdm  ibig  jbig  nreg  minsea  maxsea  avesea
   206    24    10  2412  1030   101   103     0       0   10403    8949

ispt(  1) =      1   101   201   301   401   501   601   702
               803   904  1005  1106  1207  1308     0     0
              1702  1712  1813  1913  2013  2113  2213  2313
iipe(  1) =    100   100   100   100   100   100   101   101
               101   101   101   101   101    43     0     0
                10   101   100   100   100   100   100   100
ispt(  2) =      1   101   201   301   401   501   601   702
               803   904  1005  1106  1207     0     0     0
                 0  1738  1813  1913  2013  2113  2213  2313
iipe(  2) =    100   100   100   100   100   100   101   101
               101   101   101   101    90     0     0     0
                 0    75   100   100   100   100   100    88
ispt(  3) =      1   101   201   301   401   501   601   702
               803   904  1005  1106  1207     0     0  1601
              1611  1712  1813  1913  2013  2113  2213  2313
iipe(  3) =    100   100   100   100   100   100   101   101
               101   101   101   101    34     0     0    10
               101   101   100   100   100   100   100    77
ispt(  4) =      1   101   201   301   401   501   601   702
               803   904  1005  1106  1207     0  1461  1510
              1611  1712  1813  1913  2013  2113  2213  2313
iipe(  4) =    100   100   100   100   100   100   101   101
               101   101   101   101    76     0    49   101
               101   101   100   100   100   100   100    39
ispt(  5) =      1   101   201   301   401   501   601   702
               803   904  1005  1106  1207  1308  1409  1510
              1611  1712  1813  1913  2013     0     0     0
iipe(  5) =    100   100   100   100   100   100   101   101
               101   101   101   101   101   101   101   101
               101   101   100   100    49     0     0     0
ispt(  6) =      1   101   201   301   401   501   601   702
               803   904  1005  1106  1207  1308  1409  1510
              1611  1712  1813  1913  2013     0     0     0
iipe(  6) =    100   100   100   100   100   100   101   101
               101   101   101   101   101   101   101   101
               101   101   100   100    29     0     0     0
ispt(  7) =      1   101   201   301   401   501   601   702
               803     0  1005  1106  1207  1308  1409  1510
              1611  1712  1813  1913  2013     0     0  2407
iipe(  7) =    100   100   100   100   100   100   101   101
                79     0   101   101   101   101   101   101
               101   101   100   100   100     0     0     6
ispt(  8) =      1   101   201   301   401   501   601   702
                 0     0     0     0  1213  1308  1409  1510
              1611  1712  1813  1913  2013  2113  2213  2313
iipe(  8) =    100   100   100   100   100   100   101    93
                 0     0     0     0    95   101   101   101
               101   101   100   100   100   100   100   100
ispt(  9) =      1   101   201   301   401   501   601     0
                 0     0     0     0  1283  1308  1409  1510
              1611  1712  1813  1913  2013  2113  2213  2313
iipe(  9) =    100   100   100   100   100   100    86     0
                 0     0     0     0    25   101   101   101
               101   101   100   100   100   100   100   100
ispt( 10) =      1   101   201   301   401   501   601     0
                 0     0     0     0     0  1384  1409  1510
              1611  1712  1813  1913  2013  2113  2213     0
iipe( 10) =    100   100   100   100   100   100    77     0
                 0     0     0     0     0    25   101   101
               101   101   100   100   100   100    33     0
 
jspt(  1) =      1   104   207   310   413   516   619   722
               825   928
jjpe(  1) =    103   103   103   103   103   103   103   103
               103   103
