  npes   npe   mpe   idm   jdm  ibig  jbig  nreg  minsea  maxsea  avesea
   120    20     6  1135   633   292   120     0    4485    4715    4627

ispt(  1) =      1    43    83   123   164   209   273   565
               618   659   699   740   781   821   861   901
               942   983  1023  1064
iipe(  1) =     42    40    40    41    45    64   292    53
                41    40    41    41    40    40    40    41
                41    40    41    72
ispt(  2) =      1    64   153   222   268   318   374   422
               470   517   563   609   656   702   748   794
               841   887   934   981
iipe(  2) =     63    89    69    46    50    56    48    48
                47    46    46    47    46    46    46    47
                46    47    47    78
ispt(  3) =      1    66   133   184   238   297   354   405
               453   501   549   597   645   693   741   789
               837   885   933   981
iipe(  3) =     65    67    51    54    59    57    51    48
                48    48    48    48    48    48    48    48
                48    48    48    65
ispt(  4) =      8    94   160   241   291   340   390   440
               489   538   587   637   687   736   785   834
               884   933   982  1032
iipe(  4) =     86    66    81    50    49    50    50    49
                49    49    50    50    49    49    49    50
                49    49    50    81
ispt(  5) =    213   306   350   393   436   479   522   566
               609   652   695   738   781   824   867   911
               955   998  1041  1084
iipe(  5) =     93    44    43    43    43    43    44    43
                43    43    43    43    43    43    44    44
                43    43    43    52
ispt(  6) =    276   378   426   470   509   547   586   625
               663   701   739   778   816   854   893   931
               970  1009  1047  1085
iipe(  6) =    102    48    44    39    38    39    39    38
                38    38    39    38    38    39    38    39
                39    38    38    51
 
jspt(  1) =      1   117   217   313   407   514
jjpe(  1) =    116   100    96    94   107   120
