  npes   npe   mpe   idm   jdm  ibig  jbig  nreg  minsea  maxsea  avesea
   120    24     5  1226   476   119   120     0    3615    3840    3738

ispt(  1) =      1    53   104   154   205   255   305   356
               407   457   508   558   608   659   710   760
               811   861   911   962  1013  1063  1114  1164
iipe(  1) =     52    51    50    51    50    50    51    51
                50    51    50    50    51    51    50    51
                50    50    51    51    50    51    50    63
ispt(  2) =      1    49    96   142   189   235   281   328
               374   420   467   513   559   606   653   699
               746   792   838   885   931   977  1025  1082
iipe(  2) =     48    47    46    47    46    46    47    46
                46    47    46    46    47    47    46    47
                46    46    47    46    46    48    57   105
ispt(  3) =      1    42    81   120   159   198   237   277
               318   357   396   435   474   514   553   592
               631   670   709   749   788   827   866   907
iipe(  3) =     41    39    39    39    39    39    40    41
                39    39    39    39    40    39    39    39
                39    39    40    39    39    39    41   104
ispt(  4) =      1    38    74   109   145   180   215   251
               287   322   358   393   428   464   500   535
               571   606   641   677   713   748   784   825
iipe(  4) =     37    36    35    36    35    35    36    36
                35    36    35    35    36    36    35    36
                35    35    36    36    35    36    41    96
ispt(  5) =      1    34    65    96   127   158   189   221
               252   283   314   345   376   408   439   470
               501   532   563   595   626   657   688   721
iipe(  5) =     33    31    31    31    31    31    32    31
                31    31    31    31    32    31    31    31
                31    31    32    31    31    31    33   119
 
jspt(  1) =      1    76   157   252   357
jjpe(  1) =     75    81    95   105   120
