  npes   npe   mpe   idm   jdm  ibig  jbig  nreg  minsea  maxsea  avesea
   107    15     8  2412  1030   161   129     0     414   20769   17229

ispt(  1) =      1   161   322   483   644   805   966  1127
              1288     0  1702  1771  1932  2093  2253
iipe(  1) =    160   161   161   161   161   161   161   161
                63     0    69   161   161   160   160
ispt(  2) =      1   161   322   483   644   805   966  1127
                 0     0  1703  1771  1932  2093  2253
iipe(  2) =    160   161   161   161   161   161   161   148
                 0     0    68   161   161   160   148
ispt(  3) =      1   161   322   483   644   805   966  1127
                 0  1493  1610  1771  1932  2093  2253
iipe(  3) =    160   161   161   161   161   161   161   135
                 0   117   161   161   161   160   110
ispt(  4) =      1   161   322   483   644   805   966  1127
              1288  1449  1610  1771  1932     0     0
iipe(  4) =    160   161   161   161   161   161   161   161
               161   161   161   161   155     0     0
ispt(  5) =      1   161   322   483   644   805   966  1127
              1288  1449  1610  1771  1932     0     0
iipe(  5) =    160   161   161   161   161   161   161   161
               161   161   161   161   128     0     0
ispt(  6) =      1   161   322   483   644   805  1008  1127
              1288  1449  1610  1771  1932  2093  2352
iipe(  6) =    160   161   161   161   161    57   119   161
               161   161   161   161   161   135    61
ispt(  7) =      1   161   322   483   644     0     0  1270
              1288  1449  1610  1771  1932  2093  2253
iipe(  7) =    160   161   161   161    74     0     0    18
               161   161   161   161   161   160   160
ispt(  8) =      1   161   322   483   644     0     0     0
              1344  1449  1610  1771  1932  2093  2267
iipe(  8) =    160   161   161   161    34     0     0     0
               105   161   161   161   161   153    92
 
jspt(  1) =      1   129   258   387   516   645   774   903
jjpe(  1) =    128   129   129   129   129   129   129   128
