  npes   npe   mpe   idm   jdm  ibig  jbig  nreg  minsea  maxsea  avesea
   180    30     6  2689   756    90   126     0       0   11340    9814

ispt(  1) =      1    90   179   268   357   446   536   626
               716   806   896   986  1076  1166  1256  1346
              1436  1526  1616  1706  1796  1886  1976  2066
              2156  2245  2334  2423  2512  2601
iipe(  1) =     89    89    89    89    89    90    90    90
                90    90    90    90    90    90    90    90
                90    90    90    90    90    90    90    90
                89    89    89    89    89    89
ispt(  2) =      1    90   179   268   357   446   536   626
               716   806   896   986  1076  1166  1256  1346
              1436  1526  1616  1706  1796  1886  1976  2066
              2156  2245  2334  2423  2512  2601
iipe(  2) =     89    89    89    89    89    90    90    90
                90    90    90    90    90    90    90    90
                90    90    90    90    90    90    90    90
                89    89    89    89    89    89
ispt(  3) =     55    90   179   268   357   446   536   626
               716   806   896   986  1076  1250  1295  1346
              1520  1559  1616  1706  1796  1886  1976  2066
              2156  2245  2334  2423  2512  2601
iipe(  3) =     35    89    89    89    89    90    90    90
                90    90    90    90    61     6    51     6
                 6    57    90    90    90    90    90    90
                89    89    89    89    89    89
ispt(  4) =     84   123   179   268   357   446   536   626
               716   806   896   986  1076  1166  1256  1382
              1436  1526  1616  1706  1796  1886  1976  2066
              2156  2245  2334  2423  2512  2601
iipe(  4) =      6    56    89    89    89    90    90    90
                90    90    90    90    90    90    65    54
                90    90    90    90    90    90    90    90
                89    89    89    89    89    89
ispt(  5) =     84   173   179   268   357   446   536   626
               716   806   896   986  1076  1166  1256  1346
              1436  1526  1616  1706  1796  1886  1976  2066
              2156  2245  2334  2423  2512  2601
iipe(  5) =      6     6    89    89    89    90    90    90
                90    90    90    90    90    90    90    90
                90    90    90    90    90    90    90    90
                89    89    89    89    89    89
ispt(  6) =     84   173   189   268   357   446   536   626
               716   806   896   986  1076  1166  1256  1346
              1436  1526  1616  1706  1796  1886  1976  2066
              2156  2245  2334  2423  2512  2601
iipe(  6) =      6     6    79    89    89    90    90    90
                90    90    90    90    90    90    90    90
                90    90    90    90    90    90    90    90
                89    89    89    89    89    89
 
jspt(  1) =      1   127   253   379   505   631
jjpe(  1) =    126   126   126   126   126   126
