  npes   npe   mpe   idm   jdm  ibig  jbig  nreg  minsea  maxsea  avesea
    60    12     5  1226   476   103    96     0       0    9888    7978

ispt(  1) =      1   103   205   307   409   511   614   717
               819   921  1023  1125
iipe(  1) =    102   102   102   102   102   103   103   102
               102   102   102   102
ispt(  2) =      1   103   205   307   409   511   614   717
               819   921  1023  1125
iipe(  2) =    102   102   102   102   102   103   103   102
               102   102   102   102
ispt(  3) =      1   103   205   307   409   511   614   717
               819   921  1034  1125
iipe(  3) =    102   102   102   102   102   103   103   102
               102    24    91   102
ispt(  4) =      1   103   205   307   409   511   614   717
               819  1017  1039  1125
iipe(  4) =    102   102   102   102   102   103   103   102
                74     6    86   102
ispt(  5) =      1   103   205   307   409   511   614   717
               915  1017  1119  1221
iipe(  5) =    102   102   102   102   102   103   103    75
                 6     6     6     6
 
jspt(  1) =      1    96   192   287   382
jjpe(  1) =     95    96    95    95    95
