  npes   npe   mpe   idm   jdm  ibig  jbig  nreg  minsea  maxsea  avesea
    48    12     4  2413   964   202   241     0       0   48480   36437

ispt(  1) =      1   202   403   604   805  1006  1208  1604
              1703  1811  2012  2213
iipe(  1) =    201   201   201   201   201   202   143     6
               108   201   201   195
ispt(  2) =      1   202   403   604   805  1006  1208  1409
              1610  1811  2012  2213
iipe(  2) =    201   201   201   201   201   202   201   201
               201   201   201   163
ispt(  3) =      1   202   403   604   805  1006  1208  1409
              1610  1811  2012  2405
iipe(  3) =    201   201   201   201   201   202   201   201
               201   201   100     9
ispt(  4) =      1   202   403   604  1000  1202  1215  1409
              1610  1811  2012  2213
iipe(  4) =    201   201   201   165     6     6   194   201
               201   201   201   201
 
jspt(  1) =      1   242   483   724
jjpe(  1) =    241   241   241   241
