  npes   npe   mpe   idm   jdm  ibig  jbig  nreg  minsea  maxsea  avesea
   120    10    12  4126  1264  1478   151     0   32079   32830   32498

ispt(  1) =      1   394   787  1180  1598  2023  2416  2809
              3202  3734
iipe(  1) =    393   393   393   418   425   393   393   393
               532   393
ispt(  2) =      1   381   751  1120  1692  2069  2439  2809
              3178  3758
iipe(  2) =    380   370   369   572   377   370   370   369
               580   369
ispt(  3) =     46   415   745  1075  1879  2209  2539  2869
              3198  3798
iipe(  3) =    369   330   330   804   330   330   330   329
               600   329
ispt(  4) =     99   504   822  1179  1869  2188  2506  2824
              3142  3809
iipe(  4) =    405   318   357   690   319   318   318   318
               667   318
ispt(  5) =    151   552   882  1213  1678  2011  2342  2673
              3003  3797
iipe(  5) =    401   330   331   465   333   331   331   330
               794   330
ispt(  6) =    174   507   830  1215  1649  1974  2297  2620
              2943  3804
iipe(  6) =    333   323   385   434   325   323   323   323
               861   323
ispt(  7) =    194   587   935  1415  1750  2084  2419  2753
              3088  3786
iipe(  7) =    393   348   480   335   334   335   334   335
               698   341
ispt(  8) =    218   637  1067  1438  1781  2124  2467  2810
              3175  3675
iipe(  8) =    419   430   371   343   343   343   343   365
               500   398
ispt(  9) =    154   761  1253  1576  1899  2222  2546  2869
              3338  3662
iipe(  9) =    607   492   323   323   323   324   323   469
               324   335
ispt( 10) =     94  1310  1590  1870  2150  2431  2711  3144
              3446  3726
iipe( 10) =   1216   280   280   280   281   280   433   302
               280   339
ispt( 11) =      1  1392  1653  1896  2140  2383  2627  3359
              3602  3845
iipe( 11) =   1391   261   243   244   243   244   732   243
               243   282
ispt( 12) =      1  1479  1699  1913  2128  2342  2557  3455
              3670  3884
iipe( 12) =   1478   220   214   215   214   215   898   215
               214   243
 
jspt(  1) =      1    84   172   270   372   470   571   669
               764   864   980  1114
jjpe(  1) =     83    88    98   102    98   101    98    95
               100   116   134   151
