  npes   npe   mpe   idm   jdm  ibig  jbig  nreg  minsea  maxsea  avesea
    60    15     4  1135   633   202   175     0    9100    9358    9254

ispt(  1) =      1    59   116   186   252   454   562   628
               685   742   799   856   912   969  1026
iipe(  1) =     58    57    70    66   202   108    66    57
                57    57    57    56    57    57   110
ispt(  2) =      1    98   193   263   332   400   463   526
               588   651   714   777   839   901   964
iipe(  2) =     97    95    70    69    68    63    63    62
                63    63    63    62    62    63    82
ispt(  3) =      8   158   273   337   400   463   527   590
               653   717   781   844   907   970  1034
iipe(  3) =    150   115    64    63    63    64    63    63
                64    64    63    63    63    64   102
ispt(  4) =    272   374   435   491   544   596   649   702
               755   808   861   914   967  1020  1073
iipe(  4) =    102    61    56    53    52    53    53    53
                53    53    53    53    53    53    63
 
jspt(  1) =      1   165   313   459
jjpe(  1) =    164   148   146   175
