  npes   npe   mpe   idm   jdm  ibig  jbig  nreg  minsea  maxsea  avesea
   120    15     8   989   480    66    60     0       0    3960    3115

ispt(  1) =      1    67   133   199   265   331   397   463
               529   595   661   727   793   859   925
iipe(  1) =     66    66    66    66    66    66    66    66
                66    66    66    66    66    66    65
ispt(  2) =      1    67   133   199   265   331   397   463
               529   595   661   727   793   859   925
iipe(  2) =     66    66    66    66    66    66    66    66
                66    66    66    66    66    66    65
ispt(  3) =     61    85   133   199   265   331   397   463
               529   595   661   727   793   859   925
iipe(  3) =      6    48    66    66    66    66    66    66
                66    66    66    66    66    66    65
ispt(  4) =     61    85   133   199   265   331   397   463
               529   595   661   727   793   859   925
iipe(  4) =      6    48    66    66    66    66    66    66
                66    66    66    66    66    66    65
ispt(  5) =     61   127   193   221   265   331   397   463
               529   595   661   727   793   859   925
iipe(  5) =      6     6     6    44    66    66    66    66
                66    66    66    66    66    66    65
ispt(  6) =     61   127   193   259   272   331   397   463
               529   595   661   727   793   859   925
iipe(  6) =      6     6     6     6    59    66    66    66
                66    66    66    66    66    66    65
ispt(  7) =     61   127   193   254   265   331   397   463
               529   595   661   727   793   859   925
iipe(  7) =      6     6     6    11    66    66    66    66
                66    66    66    66    66    66    65
ispt(  8) =     61   127   193   234   265   331   397   463
               529   595   661   727   793   859   925
iipe(  8) =      6     6     6    31    66    66    66    66
                66    66    66    66    66    66    65

jspt(  1) =      1    61   121   181   241   301   361   421
jjpe(  1) =     60    60    60    60    60    60    60    60
