  npes   npe   mpe   idm   jdm  ibig  jbig  nreg  minsea  maxsea  avesea
    60    12     5   989   480    83    96     0       0    7968    6230

ispt(  1) =      1    83   165   247   330   413   496   579
               662   744   826   908
iipe(  1) =     82    82    82    83    83    83    83    83
                82    82    82    82
ispt(  2) =     14    83   165   247   330   413   496   579
               662   744   826   908
iipe(  2) =     69    82    82    83    83    83    83    83
                82    82    82    82
ispt(  3) =     77    83   165   247   330   413   496   579
               662   744   826   908
iipe(  3) =      6    82    82    83    83    83    83    83
                82    82    82    82
ispt(  4) =     77   159   241   261   330   413   496   579
               662   744   826   908
iipe(  4) =      6     6     6    69    83    83    83    83
                82    82    82    82
ispt(  5) =     77   159   234   247   330   413   496   579
               662   744   826   908
iipe(  5) =      6     6    13    83    83    83    83    83
                82    82    82    82

jspt(  1) =      1    97   193   289   385
jjpe(  1) =     96    96    96    96    96
