  npes   npe   mpe   idm   jdm  ibig  jbig  nreg  minsea  maxsea  avesea
   120    15     8  1938   937   130   118     0       0   15284    9741

ispt(  1) =     60   130   259   388   517   646   776   906
              1036  1165  1319  1423  1552  1681  1810
iipe(  1) =     70   129   129   129   129   130   130   130
               129    84   104   129   129   129   129
ispt(  2) =    111   130   259   388   517   646   776   906
              1036  1165  1294  1423  1552  1681  1810
iipe(  2) =     19   129   129   129   129   130   130   130
               129   129   129   129   129   129   129
ispt(  3) =    114   130   259   388   517   646   776   906
              1036  1165  1294  1423  1552  1681  1810
iipe(  3) =     16   129   129   129   129   130   130   130
               129   129   129   129   129   129   129
ispt(  4) =    124   147   259   388   517   646   776   906
              1036  1165  1294  1423  1552  1681  1810
iipe(  4) =      6   112   129   129   129   130   130   130
               129   129   129   129   129   129   129
ispt(  5) =     72   130   259   388   517   646   776   947
              1036  1165  1294  1423  1552  1681  1810
iipe(  5) =     58   129   129   129   129   130   113    89
               129   129   129   129   129   129   129
ispt(  6) =     31   224   259   388   530   766   776  1030
              1046  1165  1294  1423  1552  1681  1810
iipe(  6) =     85    35   129   118     6    10     6     6
               119   129   129   129   129   129   129
ispt(  7) =    124   253   382   511   640   770   900  1030
              1096  1165  1294  1423  1552  1681  1810
iipe(  7) =      6     6     6     6     6     6     6     6
                69   129   129   129   129   129   129
ispt(  8) =    124   253   382   511   640   770   900  1030
              1096  1165  1294  1423  1552  1681  1810
iipe(  8) =      6     6     6     6     6     6     6     6
                69   129   129   129   129   129   129
 
jspt(  1) =      1   118   235   352   470   587   704   821
jjpe(  1) =    117   117   117   118   117   117   117   117
