  npes   npe   mpe   idm   jdm  ibig  jbig  nreg  minsea  maxsea  avesea
    60    15     4  1226   476   197   147     0    7350    7620    7476

ispt(  1) =      1    83   164   245   325   405   485   565
               645   726   807   887   967  1047  1127
iipe(  1) =     82    81    81    80    80    80    80    80
                81    81    80    80    80    80   100
ispt(  2) =      1    71   140   209   278   348   417   486
               555   624   693   762   831   900   978
iipe(  2) =     70    69    69    69    70    69    69    69
                69    69    69    69    69    78   197
ispt(  3) =      1    61   120   179   238   298   357   416
               475   534   594   653   712   771   833
iipe(  3) =     60    59    59    59    60    59    59    59
                59    60    59    59    59    62   110
ispt(  4) =      1    53   104   155   206   257   308   359
               409   460   511   562   612   663   714
iipe(  4) =     52    51    51    51    51    51    51    50
                51    51    51    50    51    51   139
 
jspt(  1) =      1    95   203   330
jjpe(  1) =     94   108   127   147
