  npes   npe   mpe   idm   jdm  ibig  jbig  nreg  minsea  maxsea  avesea
   150    30     5  1226   476   111   120     0    2879    3045    2985

ispt(  1) =      1    43    84   125   165   205   246   286
               326   367   408   448   488   528   568   608
               649   690   731   771   811   852   892   932
               973  1014  1054  1094  1134  1174
iipe(  1) =     42    41    41    40    40    41    40    40
                41    41    40    40    40    40    40    41
                41    41    40    40    41    40    40    41
                41    40    40    40    40    53
ispt(  2) =      1    39    76   113   150   187   224   261
               297   334   371   408   444   481   518   554
               591   628   665   702   739   776   813   849
               886   923   960   996  1038  1094
iipe(  2) =     38    37    37    37    37    37    37    36
                37    37    37    36    37    37    36    37
                37    37    37    37    37    37    36    37
                37    37    36    42    56    93
ispt(  3) =      1    34    66    98   129   160   191   222
               253   285   318   349   380   412   443   474
               506   538   570   601   632   663   694   725
               757   789   820   851   884   916
iipe(  3) =     33    32    32    31    31    31    31    31
                32    33    31    31    32    31    31    32
                32    32    31    31    31    31    31    32
                32    31    31    33    32    95
ispt(  4) =      1    31    60    89   117   145   174   202
               230   259   288   316   344   372   400   428
               457   486   515   543   571   600   628   656
               685   714   742   770   798   834
iipe(  4) =     30    29    29    28    28    29    28    28
                29    29    28    28    28    28    28    29
                29    29    28    28    29    28    28    29
                29    28    28    28    36    87
ispt(  5) =      1    27    52    77   102   127   152   177
               202   227   252   277   302   327   352   376
               401   426   451   476   501   526   551   576
               601   626   651   676   701   729
iipe(  5) =     26    25    25    25    25    25    25    25
                25    25    25    25    25    25    24    25
                25    25    25    25    25    25    25    25
                25    25    25    25    28   111
 
jspt(  1) =      1    76   157   252   357
jjpe(  1) =     75    81    95   105   120
