  npes   npe   mpe   idm   jdm  ibig  jbig  nreg  minsea  maxsea  avesea
   150    30     5  1135   633   222   143     0    3538    3796    3705

ispt(  1) =      1    30    58    86   114   141   171   204
               235   284   504   556   597   625   653   680
               708   736   764   792   819   847   874   901
               929   957   985  1012  1040  1075
iipe(  1) =     29    28    28    28    27    30    33    31
                49   220    52    41    28    28    27    28
                28    28    28    27    28    27    27    28
                28    28    27    28    35    61
ispt(  2) =      1    52   112   177   211   242   276   309
               345   379   411   441   472   503   534   564
               595   626   657   688   718   749   780   810
               841   872   902   933   964   995
iipe(  2) =     51    60    65    34    31    34    33    36
                34    32    30    31    31    31    30    31
                31    31    31    30    31    31    30    31
                31    30    31    31    31    43
ispt(  3) =      1    46    80   114   150   184   234   272
               306   340   374   408   441   475   508   541
               575   609   643   677   710   744   777   810
               844   878   912   945   979  1013
iipe(  3) =     45    34    34    36    34    50    38    34
                34    34    34    33    34    33    33    34
                34    34    34    33    34    33    33    34
                34    34    33    34    34    89
ispt(  4) =     24   246   288   318   348   377   407   437
               466   496   526   556   586   616   646   675
               705   735   765   795   824   854   884   913
               943   973  1002  1032  1062  1092
iipe(  4) =    222    42    30    30    29    30    30    29
                30    30    30    30    30    30    29    30
                30    30    30    29    30    30    29    30
                30    29    30    30    30    44
ispt(  5) =    275   349   383   414   445   473   499   525
               551   577   603   629   655   681   707   733
               759   785   811   837   863   889   915   941
               967   993  1019  1045  1071  1097
iipe(  5) =     74    34    31    31    28    26    26    26
                26    26    26    26    26    26    26    26
                26    26    26    26    26    26    26    26
                26    26    26    26    26    39
 
jspt(  1) =      1   136   257   367   491
jjpe(  1) =    135   121   110   124   143
