  npes   npe   mpe   idm   jdm  ibig  jbig  nreg  minsea  maxsea  avesea
   150    15    10   876   476    61    49     0    2726    2832    2769

ispt(  1) =      1    61   120   179   237   295   353   411
               469   528   586   644   702   761   819
iipe(  1) =     60    59    59    58    58    58    58    58
                59    58    58    58    59    58    58
ispt(  2) =      1    61   120   179   237   295   353   411
               469   528   587   645   703   761   819
iipe(  2) =     60    59    59    58    58    58    58    58
                59    59    58    58    58    58    58
ispt(  3) =      1    61   120   179   237   295   353   411
               469   528   587   645   703   761   819
iipe(  3) =     60    59    59    58    58    58    58    58
                59    59    58    58    58    58    58
ispt(  4) =      1    60   118   177   235   293   351   409
               467   525   586   644   702   761   819
iipe(  4) =     59    58    59    58    58    58    58    58
                58    61    58    58    59    58    58
ispt(  5) =      1    60   119   178   236   294   352   410
               468   527   587   645   703   761   819
iipe(  5) =     59    59    59    58    58    58    58    58
                59    60    58    58    58    58    58
ispt(  6) =      1    61   120   179   237   295   353   411
               469   528   587   645   703   761   819
iipe(  6) =     60    59    59    58    58    58    58    58
                59    59    58    58    58    58    58
ispt(  7) =      1    61   120   179   237   295   353   411
               469   528   587   645   703   761   819
iipe(  7) =     60    59    59    58    58    58    58    58
                59    59    58    58    58    58    58
ispt(  8) =      1    61   120   179   237   295   353   411
               469   528   587   645   703   761   819
iipe(  8) =     60    59    59    58    58    58    58    58
                59    59    58    58    58    58    58
ispt(  9) =      1    61   120   179   237   295   353   411
               469   528   587   645   703   761   819
iipe(  9) =     60    59    59    58    58    58    58    58
                59    59    58    58    58    58    58
ispt( 10) =      1    61   120   179   237   295   353   411
               469   528   586   644   702   761   819
iipe( 10) =     60    59    59    58    58    58    58    58
                59    58    58    58    59    58    58
 
jspt(  1) =      1    50    98   145   193   241   288   335
               382   429
jjpe(  1) =     49    48    47    48    48    47    47    47
                47    48
