       2    102
         0.000  1.00000000
         0.000  0.99763000
        39.102  0.99465418
        81.831  0.99140177
       128.459  0.98785181
       179.343  0.98397707
       234.800  0.97975307
       295.224  0.97514958
       360.969  0.97013915
       432.443  0.96469046
       510.082  0.95876969
       594.331  0.95234233
       685.597  0.94537668
       784.379  0.93783380
       891.117  0.92967912
      1006.286  0.92087523
      1130.328  0.91138694
      1263.668  0.90118025
      1406.762  0.89021821
      1559.952  0.87847254
      1723.602  0.86591267
      1897.977  0.85251529
      2083.292  0.83826045
      2279.669  0.82313460
      2487.143  0.80713048
      2705.633  0.79024890
      2934.928  0.77250008
      3174.685  0.75390355
      3424.407  0.73448999
      3683.450  0.71430068
      3951.012  0.69338822
      4226.136  0.67181645
      4507.698  0.64966157
      4794.439  0.62700955
      5084.970  0.60395603
      5377.790  0.58060518
      5671.690  0.55703729
      5963.788  0.53346753
      6253.285  0.50994445
      6538.527  0.48658574
      6817.910  0.46350666
      7089.685  0.44083638
      7352.180  0.41870149
      7604.043  0.39720519
      7844.639  0.37639347
      8073.820  0.35627148
      8291.646  0.33682617
      8498.165  0.31804484
      8695.317  0.29973647
      8883.916  0.28179907
      9064.479  0.26414558
      9235.491  0.24688001
      9396.206  0.23003190
      9545.872  0.21362868
      9683.733  0.19769571
      9809.017  0.18225624
      9920.937  0.16733148
     10018.677  0.15294066
     10101.394  0.13910106
     10168.198  0.12582810
     10218.145  0.11313560
     10250.220  0.10103611
     10263.319  0.08954125
     10256.231  0.07866202
     10227.612  0.06840913
     10175.960  0.05879341
     10099.578  0.04982631
      9996.535  0.04152037
      9864.617  0.03388992
      9703.332  0.02702733
      9511.337  0.02093930
      9287.277  0.01562923
      9026.010  0.01104137
      8723.840  0.00719851
      8376.543  0.00413101
      7979.156  0.00187624
      7525.817  0.00048025
      7009.463  0.00000000
      6472.571  0.00000000
      5961.910  0.00000000
      5475.620  0.00000000
      5012.298  0.00000000
      4571.013  0.00000000
      4151.230  0.00000000
      3752.724  0.00000000
      3375.506  0.00000000
      3019.748  0.00000000
      2685.711  0.00000000
      2373.680  0.00000000
      2083.898  0.00000000
      1816.521  0.00000000
      1571.562  0.00000000
      1348.863  0.00000000
      1148.068  0.00000000
       968.610  0.00000000
       809.711  0.00000000
       670.000  0.00000000
       540.000  0.00000000
       420.000  0.00000000
       305.000  0.00000000
       200.000  0.00000000
       100.000  0.00000000
         0.000  0.00000000
