       2    92
         0.000  1.00000000
         0.000  0.99763000
        41.678  0.99462876
        87.220  0.99134857
       136.919  0.98776831
       191.152  0.98386052
       250.259  0.97960050
       314.657  0.97495779
       384.726  0.96990469
       460.899  0.96440963
       543.639  0.95843851
       633.421  0.95195654
       730.678  0.94493177
       835.940  0.93732494
       949.676  0.92910119
      1072.389  0.92022284
      1204.551  0.91065441
      1346.611  0.90036166
      1499.055  0.88930734
      1662.244  0.87746300
      1836.562  0.86479784
      2022.290  0.85128842
      2219.651  0.83691470
      2428.772  0.82166307
      2649.685  0.80552631
      2882.298  0.78850535
      3126.380  0.77061058
      3381.560  0.75186185
      3647.298  0.73229022
      3922.901  0.71193747
      4207.505  0.69085683
      4500.080  0.66911283
      4799.419  0.64678251
      5104.168  0.62395276
      5412.837  0.60072023
      5723.815  0.57719017
      6035.900  0.55343626
      6345.616  0.52970619
      6652.102  0.50604922
      6953.905  0.48256021
      7249.237  0.45936103
      7536.304  0.43657653
      7813.408  0.41432742
      8079.248  0.39270641
      8333.069  0.37176540
      8575.881  0.35140982
      8808.523  0.33155252
      9031.240  0.31215027
      9243.183  0.29325161
      9443.153  0.27493968
      9630.417  0.25726045
      9805.052  0.24018451
      9967.528  0.22363513
     10118.139  0.20753652
     10256.101  0.19191427
     10380.624  0.17679182
     10490.906  0.16219049
     10586.132  0.14812950
     10665.465  0.13462604
     10728.040  0.12169543
     10772.954  0.10935125
     10799.253  0.09760559
     10805.925  0.08646931
     10791.880  0.07595229
     10755.940  0.06606376
     10696.819  0.05681255
     10613.103  0.04820743
     10503.225  0.04025751
     10365.439  0.03297260
     10197.787  0.02636369
      9998.062  0.02044340
      9763.762  0.01522660
      9492.034  0.01073101
      9179.614  0.00697800
      8822.741  0.00399341
      8417.054  0.00180860
      7957.396  0.00046173
      7437.263  0.00000000
      6896.849  0.00000000
      6379.060  0.00000000
      5879.273  0.00000000
      5392.864  0.00000000
      4915.864  0.00000000
      4445.531  0.00000000
      3980.531  0.00000000
      3520.531  0.00000000
      3065.531  0.00000000
      2616.273  0.00000000
      2181.425  0.00000000
      1757.233  0.00000000
      1360.000  0.00000000
      1000.000  0.00000000
         0.000  0.00000000
