       2    65
         0.000  1.00000000
         0.000  0.99770695
        91.690  0.99307662
       204.023  0.98740131
       343.624  0.98034483
       506.509  0.97210604
       685.278  0.96305710
       876.135  0.95338863
      1078.687  0.94311839
      1292.584  0.93226248
      1517.399  0.92084044
      1752.733  0.90887022
      1998.295  0.89636433
      2254.115  0.88331872
      2520.374  0.86972106
      2797.250  0.85555911
      3084.927  0.84081966
      3383.563  0.82549053
      3693.260  0.80956161
      4014.113  0.79302281
      4346.141  0.77586681
      4689.341  0.75808692
      5043.644  0.73967922
      5408.910  0.72064155
      5784.933  0.70097488
      6171.417  0.68068296
      6568.004  0.65977114
      6974.191  0.63825113
      7389.407  0.61613560
      7812.931  0.59344298
      8243.927  0.57019520
      8681.381  0.54642022
      9124.153  0.52214950
      9570.893  0.49742138
     10020.058  0.47227979
     10469.897  0.44677433
     10918.408  0.42096186
     11363.320  0.39490619
     11802.088  0.36867735
     12231.830  0.34235319
     12649.287  0.31602031
     13050.815  0.28977233
     13432.287  0.26371211
     13789.065  0.23795024
     14115.898  0.21260718
     14406.827  0.18781328
     14655.071  0.16370839
     14852.869  0.14044374
     14991.271  0.11818347
     15059.901  0.09710556
     15046.629  0.07740384
     14937.149  0.05929247
     14714.432  0.04300914
     14358.017  0.02882183
     13843.077  0.01703668
     13139.613  0.00801383
     12205.040  0.00214851
     10965.899  0.00000000
      9552.247  0.00000000
      8147.010  0.00000000
      6710.732  0.00000000
      5203.819  0.00000000
      3630.980  0.00000000
      2270.083  0.00000000
      1000.000  0.00000000
         0.000  0.00000000
