        2    97
          0.000  1.00000000
          0.000  0.99716950
         71.661  0.99334161
        155.595  0.98885670
        251.642  0.98372265
        359.656  0.97794645
        479.425  0.97153856
        610.757  0.96450820
        753.387  0.95686843
        907.060  0.94863163
       1071.498  0.93981142
       1246.424  0.93042108
       1431.504  0.92047704
       1626.406  0.90999530
       1830.782  0.89899283
       2044.286  0.88748615
       2266.518  0.87549471
       2497.090  0.86303725
       2735.598  0.85013316
       2981.618  0.83680279
       3234.738  0.82306570
       3494.503  0.80894377
       3760.464  0.79445828
       4032.159  0.77963130
       4309.138  0.76448381
       4590.913  0.74903901
       4877.001  0.73331951
       5166.917  0.71734797
       5460.185  0.70114636
       5756.302  0.68473810
       6054.764  0.66814633
       6355.074  0.65139369
       6658.237  0.63441859
       6963.963  0.61723046
       7271.933  0.59984009
       7581.808  0.58225859
       7893.214  0.56449845
       8205.750  0.54657291
       8518.986  0.52849597
       8832.438  0.51028386
       9145.605  0.49195277
       9457.938  0.47352058
       9768.853  0.45500574
      10077.719  0.43642834
      10383.849  0.41781003
      10686.525  0.39917262
      10984.964  0.38053981
      11278.336  0.36193609
      11565.739  0.34338772
      11846.213  0.32492195
      12118.731  0.30656688
      12382.182  0.28835251
      12635.372  0.27031008
      12877.022  0.25247163
      13105.753  0.23487073
      13320.072  0.21754234
      13518.369  0.20052249
      13698.883  0.18384956
      13859.715  0.16756235
      13998.781  0.15170223
      14113.809  0.13631149
      14202.296  0.12143483
      14261.486  0.10711901
      14288.329  0.09341289
      14279.434  0.08036858
      14231.017  0.06804079
      14138.840  0.05648823
      13998.131  0.04577379
      13803.495  0.03596531
      13548.807  0.02713667
      13227.080  0.01936906
      12830.309  0.01275214
      12349.294  0.00738620
      11773.398  0.00338388
      11090.278  0.00087305
      10285.540  0.00000000
       9436.954  0.00000000
       8633.069  0.00000000
       7873.794  0.00000000
       7158.854  0.00000000
       6487.798  0.00000000
       5860.002  0.00000000
       5274.669  0.00000000
       4730.848  0.00000000
       4227.424  0.00000000
       3763.148  0.00000000
       3336.640  0.00000000
       2946.395  0.00000000
       2590.812  0.00000000
       2258.595  0.00000000
       1942.143  0.00000000
       1632.641  0.00000000
       1325.629  0.00000000
       1019.603  0.00000000
        719.157  0.00000000
        439.599  0.00000000
        200.000  0.00000000
          0.000  0.00000000
