       2    82
         0.000  1.00000000
         0.000  0.99752820
        59.676  0.99424753
       124.670  0.99067358
       195.381  0.98678414
       272.329  0.98255037
       355.978  0.97794633
       446.902  0.97294003
       545.619  0.96750241
       652.719  0.96160031
       768.839  0.95519796
       894.624  0.94825887
      1030.663  0.94074954
      1177.680  0.93262882
      1336.308  0.92386022
      1507.230  0.91440429
      1691.079  0.90422395
      1888.458  0.89328344
      2100.017  0.88154391
      2326.228  0.86897578
      2567.598  0.85554708
      2824.479  0.84123363
      3097.147  0.82601488
      3385.736  0.80987717
      3690.245  0.79281359
      4010.496  0.77482590
      4346.116  0.75592593
      4696.528  0.73613552
      5060.923  0.71548843
      5438.269  0.69402976
      5827.294  0.67181676
      6226.492  0.64891867
      6634.107  0.62541795
      7048.178  0.60140747
      7466.551  0.57699045
      7886.904  0.55227914
      8306.906  0.52738590
      8724.221  0.50242313
      9136.516  0.47750321
      9541.466  0.45273843
      9936.768  0.42824085
     10320.245  0.40411659
     10690.589  0.38041802
     11047.081  0.35715815
     11388.932  0.33435069
     11715.272  0.31201017
     12025.136  0.29015200
     12317.453  0.26879271
     12591.023  0.24795004
     12844.499  0.22764320
     13076.362  0.20789312
     13284.887  0.18872273
     13468.107  0.17015738
     13623.766  0.15222525
     13749.262  0.13495794
     13841.574  0.11839119
     13897.174  0.10256573
     13911.914  0.08752844
     13880.880  0.07333372
     13798.210  0.06004535
     13656.849  0.04773888
     13448.237  0.03650471
     13161.884  0.02645230
     12784.803  0.01771573
     12300.730  0.01046143
     11689.041  0.00489888
     10923.213  0.00129576
      9968.592  0.00000000
      8928.278  0.00000000
      7934.164  0.00000000
      6986.850  0.00000000
      6086.936  0.00000000
      5235.022  0.00000000
      4431.708  0.00000000
      3677.594  0.00000000
      2973.280  0.00000000
      2319.366  0.00000000
      1716.452  0.00000000
      1165.137  0.00000000
       750.000  0.00000000
       450.000  0.00000000
       200.000  0.00000000
         0.000  0.00000000
