     2    75
       0.000  1.00000000
       0.000  0.99770474
      50.510  0.99473210
     107.392  0.99138377
     172.048  0.98757682
     244.720  0.98329670
     325.231  0.97855325
     413.656  0.97334169
     510.478  0.96763287
     616.345  0.96138789
     731.489  0.95459228
     855.808  0.94725111
     989.198  0.93936947
    1132.461  0.93089881
    1287.298  0.92173704
    1455.812  0.91175776
    1639.681  0.90085910
    1840.321  0.88895397
    2059.541  0.87593107
    2300.025  0.86162578
    2565.237  0.84582516
    2859.646  0.82825353
    3188.452  0.80858738
    3556.494  0.78651896
    3965.225  0.76193641
    4411.370  0.73500612
    4887.564  0.70613798
    5385.714  0.67578563
    5899.015  0.64432498
    6422.472  0.61202065
    6951.914  0.57908445
    7483.263  0.54571911
    8012.377  0.51212803
    8534.902  0.47852481
    9046.290  0.44513308
    9541.479  0.41221002
   10015.128  0.38003583
   10461.879  0.34890308
   10877.153  0.31906824
   11257.584  0.29072295
   11601.343  0.26396652
   11907.909  0.23881223
   12177.622  0.21520797
   12411.048  0.19307502
   12608.499  0.17234531
   12769.933  0.15297455
   12895.140  0.13493234
   12983.952  0.11817564
   13036.132  0.10264584
   13051.139  0.08828331
   13028.069  0.07505633
   12965.908  0.06295542
   12863.690  0.05197386
   12720.079  0.04207609
   12532.603  0.03320527
   12296.751  0.02530029
   12005.552  0.01832925
   11649.125  0.01230435
   11214.572  0.00729606
   10685.415  0.00343454
   10133.333  0.00000000
    9253.457  0.00000000
    8394.321  0.00000000
    7557.778  0.00000000
    6747.531  0.00000000
    5969.136  0.00000000
    5228.889  0.00000000
    4532.346  0.00000000
    3883.210  0.00000000
    3283.539  0.00000000
    2734.568  0.00000000
    2237.037  0.00000000
    1789.095  0.00000000
    1382.510  0.00000000
    1000.000  0.00000000
       0.000  0.00000000
