       2   109
         0.000  1.00000000
         0.000  0.99752820
         0.000  0.99490768
         0.029  0.99212992
         0.232  0.98918509
         0.810  0.98606253
         1.994  0.98275077
         4.190  0.97923642
         8.287  0.97550088
        15.302  0.97152400
        26.274  0.96728510
        42.274  0.96276295
        64.392  0.95793599
        93.740  0.95278209
       131.447  0.94727886
       178.651  0.94140369
       236.502  0.93513376
       306.149  0.92844635
       388.734  0.92131871
       485.392  0.91372836
       597.235  0.90565324
       725.348  0.89707178
       870.778  0.88796324
      1034.524  0.87830770
      1217.528  0.86808664
      1420.661  0.85728264
      1644.712  0.84588009
      1890.375  0.83386517
      2158.238  0.82122630
      2448.768  0.80795413
      2762.297  0.79404217
      3099.010  0.77948666
      3458.933  0.76428711
      3841.918  0.74844646
      4247.633  0.73197126
      4675.554  0.71487200
      5124.949  0.69716311
      5594.876  0.67886335
      6084.176  0.65999568
      6591.468  0.64058751
      7115.147  0.62067074
      7653.387  0.60028154
      8204.142  0.57946050
      8765.155  0.55825245
      9333.967  0.53670621
      9907.927  0.51487434
     10484.208  0.49281296
     11059.827  0.47058126
     11631.659  0.44824126
     12196.468  0.42585716
     12750.924  0.40349507
     13291.629  0.38122237
     13815.150  0.35910723
     14318.040  0.33721805
     14796.868  0.31562290
     15248.247  0.29438898
     15668.860  0.27358216
     16055.485  0.25326633
     16405.020  0.23350307
     16714.504  0.21435112
     16981.137  0.19586605
     17202.299  0.17809989
     17375.561  0.16110080
     17498.697  0.14491294
     17569.697  0.12957622
     17586.771  0.11512618
     17548.350  0.10159397
     17453.084  0.08900629
     17299.852  0.07738548
     17088.324  0.06674372
     16820.938  0.05706358
     16501.018  0.04831661
     16132.090  0.04047056
     15717.859  0.03348954
     15262.202  0.02733428
     14769.153  0.02196239
     14242.890  0.01732857
     13687.727  0.01338492
     13108.091  0.01008120
     12508.519  0.00736504
     11893.639  0.00518228
     11268.157  0.00347713
     10636.851  0.00219248
     10004.553  0.00127009
      9376.141  0.00065078
      8756.529  0.00027469
      8150.661  0.00008141
      7563.494  0.00001018
      7000.000  0.00000000
      6463.864  0.00000000
      5953.848  0.00000000
      5468.017  0.00000000
      5004.995  0.00000000
      4563.881  0.00000000
      4144.164  0.00000000
      3745.646  0.00000000
      3368.363  0.00000000
      3012.510  0.00000000
      2678.372  0.00000000
      2366.252  0.00000000
      2076.415  0.00000000
      1810.000  0.00000000
      1565.000  0.00000000
      1325.000  0.00000000
      1090.000  0.00000000
       860.000  0.00000000
       635.000  0.00000000
       415.000  0.00000000
       200.000  0.00000000
         0.000  0.00000000
